80 30 11 16
6 10 11 12 13 14 -1
10 11 12 13 -1
10 11 12 13 -1
10 11 12 13 17 -1
5 9 10 11 12 13 -1
10 11 12 13 -1
10 11 12 13 26 -1
10 11 12 13 -1
10 11 12 13 -1
3 10 11 12 13 -1
10 11 12 13 -1
10 11 12 13 15 -1
6 10 11 12 13 -1
3 10 11 12 13 28 -1
10 11 12 13 19 22 -1
4 10 11 12 13 18 -1
10 11 12 13 17 19 -1
10 11 12 13 14 26 -1
30 -1
14 -1
30 -1
-1
20 -1
6 -1
3 14 22 -1
9 -1
29 -1
7 12 21 -1
20 24 -1
28 -1
4 22 -1
8 -1
-1
10 17 -1
22 23 24 26 -1
5 10 22 23 24 -1
20 22 23 24 -1
22 23 24 -1
16 22 23 24 -1
22 23 24 27 -1
22 23 24 -1
9 22 23 24 -1
18 21 22 23 24 -1
22 23 24 -1
21 22 23 24 -1
21 22 23 24 26 -1
16 22 23 24 -1
4 22 23 24 -1
15 20 30 -1
-1
10 11 12 18 -1
-1
-1
7 22 29 -1
2 3 -1
19 22 -1
17 -1
28 -1
5 22 27 -1
27 -1
12 -1
-1
25 -1
-1
19 22 -1
-1
-1
2 17 -1
6 -1
-1
18 -1
-1
20 -1
2 21 23 24 -1
14 -1
21 26 -1
11 12 25 30 -1
19 23 -1
-1
3 4 -1
