120 45 16 24
1 14 15 16 17 18 -1
14 15 16 17 18 20 26 31 36 41 -1
9 14 15 16 17 18 30 40 41 -1
1 5 14 15 16 17 18 23 24 44 -1
8 9 14 15 16 17 18 20 22 -1
12 14 15 16 17 18 35 -1
7 14 15 16 17 18 19 21 22 23 28 29 -1
2 12 14 15 16 17 18 31 39 -1
1 14 15 16 17 18 -1
10 14 15 16 17 18 34 -1
14 15 16 17 18 33 -1
6 14 15 16 17 18 27 -1
14 15 16 17 18 19 23 26 -1
14 15 16 17 18 21 23 24 28 31 44 -1
14 15 16 17 18 43 -1
11 14 15 16 17 18 23 30 41 -1
14 15 16 17 18 19 25 -1
6 14 15 16 17 18 21 38 39 -1
14 15 16 17 18 24 35 -1
7 14 15 16 17 18 36 -1
11 12 14 15 16 17 18 19 40 -1
5 6 8 12 14 15 16 17 18 21 26 31 35 43 -1
4 8 13 14 15 16 17 18 45 -1
5 9 10 11 14 15 16 17 18 19 42 -1
6 8 14 15 16 17 18 -1
12 14 15 19 -1
7 12 18 27 44 -1
10 23 26 -1
22 -1
13 14 20 33 39 -1
23 29 31 36 -1
5 8 33 -1
8 12 19 36 -1
2 12 -1
3 4 13 38 -1
15 28 34 41 -1
13 -1
2 6 15 19 31 43 -1
10 14 20 26 36 -1
31 33 -1
4 18 36 40 -1
18 26 41 -1
6 24 27 29 43 44 -1
4 20 24 25 39 43 -1
8 17 18 19 21 27 31 34 43 -1
7 -1
2 12 14 36 -1
3 7 20 22 23 28 -1
9 35 36 37 -1
15 24 30 31 32 33 34 35 -1
17 18 30 31 32 33 34 35 -1
2 14 30 31 32 33 34 35 40 41 -1
1 5 26 30 31 32 33 34 35 -1
2 11 17 26 30 31 32 33 34 35 38 -1
1 20 26 30 31 32 33 34 35 -1
2 30 31 32 33 34 35 44 -1
11 30 31 32 33 34 35 -1
5 13 15 24 30 31 32 33 34 35 36 -1
5 22 23 24 30 31 32 33 34 35 40 -1
12 19 21 30 31 32 33 34 35 45 -1
30 31 32 33 34 35 42 44 -1
3 6 15 23 30 31 32 33 34 35 43 -1
18 27 30 31 32 33 34 35 37 39 -1
1 3 17 21 29 30 31 32 33 34 35 -1
1 30 31 32 33 34 35 39 -1
5 13 30 31 32 33 34 35 36 -1
30 31 32 33 34 35 44 -1
13 14 25 29 30 31 32 33 34 35 41 -1
18 30 31 32 33 34 35 -1
3 10 23 30 31 32 33 34 35 37 -1
2 10 23 30 31 32 33 34 35 45 -1
28 30 31 32 33 34 35 -1
1 5 29 30 31 32 33 34 35 42 -1
5 7 8 15 19 26 30 31 32 33 34 35 -1
30 31 32 33 34 35 38 -1
31 39 -1
2 17 18 30 38 41 -1
2 17 18 21 32 36 -1
6 18 30 33 35 -1
20 32 -1
20 36 39 -1
14 30 38 40 -1
4 13 14 26 27 32 45 -1
15 28 31 -1
18 26 33 42 -1
25 26 -1
10 11 17 -1
4 17 19 24 25 27 -1
34 -1
2 11 17 24 39 42 43 -1
3 17 38 43 -1
-1
16 39 40 43 -1
9 10 15 16 38 -1
7 -1
8 12 -1
10 17 29 -1
3 4 20 42 43 -1
19 30 42 -1
6 10 12 -1
11 16 -1
11 27 39 -1
2 24 36 -1
2 34 -1
4 5 8 12 40 -1
11 34 45 -1
6 13 44 -1
5 8 15 17 19 25 35 36 45 -1
6 7 8 13 14 24 36 -1
21 40 41 -1
33 -1
3 7 10 16 18 32 33 35 42 -1
1 6 21 31 34 43 -1
6 16 18 21 36 -1
9 15 28 -1
26 29 36 38 -1
25 32 34 41 -1
23 24 27 -1
3 5 28 37 -1
19 -1
