220 80 40 44
1 3 6 9 10 27 30 35 36 45 54 63 65 66 80 -1
4 9 17 19 22 27 32 34 35 36 38 39 41 47 48 57 60 61 64 68 77 -1
2 13 14 19 21 22 26 29 36 37 38 43 62 64 66 72 76 79 -1
5 9 11 14 16 22 28 36 41 42 47 48 59 61 66 70 80 -1
9 14 21 28 30 38 51 64 70 72 79 -1
6 14 15 19 20 25 31 32 34 46 47 49 53 68 71 73 76 77 78 79 -1
14 15 20 29 38 42 43 45 50 56 60 61 64 65 69 -1
3 8 12 13 16 17 19 20 33 40 57 60 62 69 74 -1
8 31 33 37 38 39 41 45 62 65 72 -1
5 10 11 16 21 22 24 25 27 30 33 34 36 43 46 50 56 57 59 66 72 74 78 79 -1
27 30 31 39 50 52 54 60 68 77 80 -1
2 8 17 18 27 29 36 48 50 52 62 64 67 -1
6 7 11 16 17 22 27 28 30 36 38 50 51 53 59 69 70 71 -1
13 17 20 45 52 57 59 62 67 70 74 -1
8 9 11 33 36 44 62 66 72 74 77 -1
2 3 7 8 9 19 21 24 25 38 39 42 44 54 56 66 68 72 75 76 79 -1
2 9 10 21 23 24 35 41 53 55 56 59 65 67 71 72 76 -1
9 21 22 28 35 52 53 54 60 61 62 74 76 77 78 79 -1
4 7 14 17 18 22 25 30 35 38 45 51 61 64 65 72 73 76 77 80 -1
3 4 8 11 14 20 21 26 35 38 42 47 48 54 63 65 70 73 -1
2 4 5 10 16 19 20 30 62 72 77 -1
5 10 31 35 48 51 55 68 70 71 74 76 -1
2 3 4 13 15 16 19 25 31 32 34 48 52 53 57 58 61 64 66 67 78 -1
28 32 35 39 48 51 57 59 63 68 70 74 78 80 -1
1 2 5 9 12 24 34 42 46 49 65 68 71 76 -1
10 25 27 30 31 40 54 56 71 73 79 -1
3 4 8 13 15 16 22 25 27 29 30 31 36 56 63 67 -1
2 4 11 13 16 20 34 38 39 40 42 46 48 53 61 67 68 -1
1 7 13 18 19 20 25 40 41 42 55 59 62 63 67 73 80 -1
15 26 30 31 35 48 53 56 57 66 67 75 -1
9 11 12 17 19 20 21 23 24 32 34 39 40 43 44 45 56 58 59 64 69 72 -1
11 14 21 23 25 43 44 46 47 50 62 63 73 78 80 -1
10 24 25 34 51 55 58 62 74 77 -1
7 11 13 20 27 30 40 65 68 70 73 74 -1
2 5 10 11 12 17 19 24 31 34 35 36 38 44 45 51 57 60 63 64 67 71 79 80 -1
15 20 24 25 32 34 43 46 49 53 71 72 -1
1 5 6 7 9 19 21 23 24 26 27 32 38 53 61 65 72 -1
9 11 12 14 19 22 25 26 28 29 34 39 50 52 61 66 68 73 76 77 -1
5 6 7 9 12 16 17 21 23 41 42 43 47 52 53 60 61 63 64 66 71 75 -1
2 3 14 48 52 59 63 65 67 68 80 -1
13 22 26 29 32 34 40 44 46 48 60 64 80 -1
3 5 7 9 11 14 16 24 26 29 34 38 41 48 50 57 60 75 76 -1
6 9 10 17 23 26 28 34 36 44 47 48 49 54 58 65 68 74 76 -1
4 5 7 10 13 28 31 34 40 42 46 47 57 58 72 76 77 78 -1
9 13 19 21 24 34 39 41 44 52 53 54 57 74 76 77 80 -1
1 2 7 12 29 34 36 41 42 45 49 52 54 58 61 66 71 75 79 -1
4 5 22 25 30 35 41 43 44 51 53 57 61 65 66 75 76 78 -1
10 12 19 26 30 37 41 43 46 47 49 52 55 57 64 65 71 78 -1
17 27 34 35 44 52 55 75 80 -1
5 6 14 16 18 19 22 27 32 33 43 44 50 56 71 75 76 77 -1
4 8 12 20 22 26 28 29 31 34 35 37 38 41 44 45 47 48 57 61 66 69 -1
7 11 13 17 19 22 28 35 43 45 46 50 56 60 63 65 66 77 -1
5 6 9 10 12 23 26 28 31 34 41 42 49 50 54 58 61 63 64 73 74 75 78 -1
6 7 8 17 19 20 23 35 38 43 45 51 53 54 58 59 61 71 79 -1
5 7 21 24 33 39 42 58 -1
2 4 6 7 14 17 20 21 22 23 32 42 44 48 51 68 69 70 -1
3 5 11 19 20 21 23 29 33 46 51 55 60 63 66 70 72 73 78 -1
5 11 13 15 24 27 30 31 38 44 46 48 53 56 58 64 66 75 77 -1
7 8 10 13 14 16 20 29 31 33 36 37 38 42 43 49 51 55 63 66 -1
1 2 6 7 12 13 22 23 32 33 34 36 43 44 54 58 61 64 66 68 76 -1
5 7 13 14 15 18 21 23 29 30 33 46 54 63 67 73 75 -1
8 12 17 28 35 37 38 40 42 44 49 55 64 67 69 -1
4 7 9 23 28 30 34 35 38 41 49 56 57 61 62 65 70 71 73 74 -1
1 6 14 16 18 22 29 30 32 35 37 38 48 50 65 66 69 77 -1
2 5 6 10 16 21 25 35 45 56 60 62 73 78 80 -1
1 2 6 7 8 10 16 22 23 24 25 34 40 41 46 63 64 65 77 -1
16 18 19 26 29 30 40 56 65 76 77 78 -1
3 5 13 33 39 50 52 54 55 60 62 69 70 71 -1
6 12 20 27 30 42 44 45 49 54 59 69 70 75 79 80 -1
2 20 22 28 30 54 56 58 60 62 64 71 75 -1
1 10 14 32 34 36 37 41 63 70 71 75 78 -1
1 3 11 19 22 37 46 50 58 59 60 61 65 71 -1
10 11 16 17 18 21 22 23 26 28 35 36 37 40 44 45 54 61 64 79 -1
12 22 23 25 29 41 43 54 59 60 69 -1
3 5 28 33 72 77 -1
2 11 25 33 35 40 43 44 47 52 65 68 70 74 76 -1
7 13 18 23 27 36 49 54 57 64 65 75 -1
1 11 13 15 16 22 25 28 30 32 46 51 53 58 59 63 65 69 74 75 80 -1
5 7 11 25 26 48 60 62 70 72 76 -1
10 15 17 31 35 37 41 42 44 46 52 57 62 64 77 80 -1
1 7 11 27 31 34 35 39 42 45 58 62 65 71 74 80 -1
6 8 11 15 18 19 21 24 26 30 36 37 42 44 54 55 56 59 67 69 71 73 76 77 79 80 -1
3 7 8 9 13 18 23 26 29 31 32 36 41 44 57 58 64 68 73 74 -1
7 10 23 35 38 46 47 48 64 65 80 -1
13 16 19 23 24 29 39 43 45 58 64 65 72 77 -1
3 10 18 21 23 30 33 34 42 47 65 67 68 69 -1
3 7 11 13 16 30 31 35 41 47 51 54 55 60 66 76 79 80 -1
16 19 21 23 31 44 49 54 55 57 59 64 67 75 76 -1
1 5 13 20 29 32 35 40 42 53 58 71 72 74 -1
7 8 19 22 24 27 30 44 51 55 67 -1
2 4 15 16 29 31 34 35 41 50 58 62 63 64 65 69 70 75 78 -1
1 3 5 12 23 24 29 34 42 50 53 57 71 -1
1 2 21 27 42 43 50 52 63 66 75 80 -1
2 3 16 27 28 29 30 34 35 41 46 47 48 55 78 -1
11 12 16 20 23 30 34 46 53 55 57 60 62 63 65 66 72 77 -1
3 4 11 14 19 20 30 32 34 36 45 46 50 51 53 57 59 69 70 73 78 79 -1
3 4 16 21 23 40 41 54 59 65 66 67 73 76 78 -1
10 12 20 31 38 47 55 57 66 68 69 76 79 -1
14 17 20 37 38 39 40 50 55 61 69 73 77 78 -1
4 7 16 21 26 33 39 40 41 46 48 51 57 59 71 -1
1 4 6 20 21 30 31 33 37 38 42 46 50 52 55 65 69 72 -1
1 2 3 12 17 20 23 28 31 32 34 35 37 42 46 48 50 56 60 64 70 78 -1
5 9 11 13 25 30 32 34 35 36 42 47 49 62 64 65 66 67 72 73 74 76 -1
2 10 16 19 22 24 34 52 53 54 58 63 64 65 66 68 75 -1
7 9 25 34 35 37 44 45 63 71 75 -1
22 26 36 43 47 48 58 76 80 -1
9 14 16 18 19 30 31 42 44 45 51 54 70 73 78 79 -1
4 5 7 9 20 21 23 35 36 38 46 49 53 56 57 58 66 67 77 -1
15 16 24 26 36 41 43 49 50 68 69 72 73 77 -1
2 13 23 26 30 31 48 50 52 58 62 64 66 76 77 80 -1
1 4 7 9 10 13 25 26 30 31 38 39 43 44 49 50 64 76 -1
1 7 11 12 15 20 23 27 28 30 33 34 35 36 39 45 50 52 53 54 61 68 72 74 80 -1
6 9 13 14 29 37 41 45 56 58 61 64 67 76 77 -1
5 7 10 26 29 32 35 41 42 46 51 53 57 71 72 77 79 -1
2 6 7 12 20 24 32 34 45 51 52 53 55 65 66 67 69 71 80 -1
4 8 13 15 19 23 24 27 32 44 51 58 60 66 70 76 -1
4 10 11 14 25 30 34 36 38 41 45 48 58 61 62 66 -1
5 7 22 27 47 52 58 59 68 70 72 73 80 -1
8 13 16 18 24 31 36 37 40 42 44 51 53 57 64 67 71 80 -1
10 13 14 19 20 24 30 48 49 50 61 65 67 73 -1
5 9 14 18 22 28 36 38 47 48 49 51 58 61 62 65 71 76 -1
2 5 25 26 39 50 55 67 68 78 79 -1
1 7 16 34 39 43 49 57 59 60 64 66 70 71 72 78 79 -1
2 13 17 25 33 39 40 43 45 49 51 52 55 65 66 70 -1
1 4 9 16 18 21 22 24 35 36 41 43 46 47 52 55 59 60 66 70 79 -1
3 12 32 38 41 43 56 79 -1
2 3 6 12 13 19 23 30 38 39 42 45 53 58 66 77 79 -1
1 10 12 13 27 29 32 37 39 42 45 48 52 55 57 63 65 70 74 78 -1
7 15 18 21 27 32 33 44 46 62 64 66 68 -1
2 6 8 12 16 24 28 30 32 36 41 45 47 56 59 62 68 -1
10 12 20 48 49 51 53 55 57 65 73 75 79 -1
1 2 5 12 24 25 40 50 56 58 64 79 -1
5 12 24 26 33 49 51 58 70 72 -1
12 13 16 19 20 28 32 39 41 50 -1
1 11 13 16 21 22 23 28 29 37 40 41 58 65 70 77 78 -1
3 5 12 28 30 34 36 40 46 62 70 72 -1
5 6 7 8 15 23 26 29 33 36 53 60 64 67 68 80 -1
8 17 20 22 24 26 27 33 35 38 41 43 48 50 55 58 60 62 71 80 -1
3 11 12 13 17 20 32 45 47 48 57 58 60 66 73 74 -1
3 7 9 13 15 19 21 27 30 35 44 46 49 56 60 64 69 70 -1
5 19 23 24 25 27 28 29 34 35 44 48 49 57 62 64 70 -1
1 11 25 30 44 47 48 49 50 61 72 74 78 -1
1 10 12 16 32 34 38 41 44 55 57 59 70 72 -1
8 10 22 24 25 28 29 30 31 33 40 46 52 54 64 69 72 78 -1
2 4 5 7 9 12 17 25 26 32 33 35 36 41 52 56 57 61 64 78 80 -1
1 10 14 26 27 30 48 49 59 62 66 76 79 -1
2 11 12 14 22 28 30 35 36 45 46 49 51 55 60 64 68 70 -1
3 4 18 21 24 28 46 50 56 60 61 67 70 71 78 80 -1
2 9 15 16 19 24 29 31 36 47 53 62 65 68 80 -1
29 34 35 36 38 50 53 57 58 79 -1
11 14 22 34 38 47 51 67 -1
12 20 21 26 37 42 46 49 50 51 68 72 76 -1
11 14 16 20 24 26 32 33 34 36 49 51 62 66 77 -1
5 6 8 12 19 20 22 24 27 43 48 49 56 58 60 64 70 71 74 76 -1
1 4 14 15 20 33 35 40 42 49 59 61 70 -1
8 11 23 26 40 51 69 -1
3 8 10 20 21 26 27 33 38 41 44 53 55 63 64 75 -1
5 11 13 16 20 29 34 39 57 67 69 70 79 -1
1 7 19 23 24 27 34 38 48 55 58 67 69 72 76 78 -1
3 6 7 10 11 19 22 24 25 31 32 40 44 54 55 62 63 68 71 -1
2 3 7 11 14 26 28 35 46 47 50 53 55 56 60 62 64 66 73 75 -1
1 8 9 12 16 28 31 38 40 48 51 53 55 57 69 74 80 -1
5 14 22 44 47 57 58 60 62 65 70 73 74 -1
5 10 14 15 32 33 37 38 40 41 48 49 61 67 80 -1
6 15 19 25 43 46 50 65 77 78 -1
1 7 9 10 15 16 28 39 40 54 55 62 73 78 -1
3 12 17 24 25 28 32 33 35 40 41 42 52 53 67 74 76 77 -1
12 17 18 19 34 35 38 39 40 41 44 45 46 47 49 50 54 56 70 71 74 75 -1
4 14 16 19 21 22 27 29 30 37 42 44 55 59 62 65 66 72 74 77 -1
7 10 11 13 16 19 28 33 34 38 39 41 43 46 49 54 55 58 62 67 70 71 72 73 77 78 -1
3 15 22 36 40 41 46 48 52 55 67 68 69 70 73 75 79 -1
3 4 6 22 28 35 43 46 56 61 67 76 -1
2 4 6 7 11 16 17 24 26 27 30 33 45 50 51 54 59 70 72 73 -1
10 21 23 24 25 26 31 33 40 42 59 61 64 65 66 -1
2 6 11 15 16 26 36 41 60 68 75 77 80 -1
3 18 19 32 42 44 46 47 49 52 54 62 63 73 74 76 -1
2 6 16 22 24 27 32 34 42 56 58 64 65 68 69 76 -1
1 4 8 11 15 16 17 23 25 27 44 48 50 58 64 66 67 68 70 72 78 79 -1
3 6 13 39 55 59 77 79 -1
9 18 19 21 26 33 38 48 56 60 61 64 72 75 -1
2 7 10 17 20 22 23 27 31 40 52 65 67 68 80 -1
2 19 21 24 36 37 38 41 43 45 46 48 50 60 74 77 -1
6 15 17 19 29 33 43 47 52 61 63 67 70 73 75 77 -1
5 7 11 12 14 20 32 42 44 45 56 64 69 74 79 -1
16 26 33 45 49 50 61 66 68 69 79 -1
1 3 14 15 21 23 28 30 32 41 43 58 65 71 75 79 -1
4 5 7 8 13 15 22 24 27 28 30 36 45 49 50 51 54 57 60 61 64 68 71 75 79 -1
8 10 11 12 14 19 20 24 25 30 37 39 40 43 49 60 62 75 78 -1
1 10 11 12 18 20 27 63 64 70 76 -1
4 10 11 17 20 22 23 30 51 52 60 65 69 75 77 80 -1
7 9 12 19 20 21 23 24 27 29 30 44 46 50 56 58 59 60 64 69 77 79 -1
3 4 13 41 45 55 60 68 76 -1
16 18 19 23 29 34 36 44 49 52 55 62 69 71 74 77 -1
11 21 30 52 54 63 -1
6 7 9 29 30 32 40 52 58 65 66 67 76 78 -1
10 13 15 16 17 27 29 37 40 41 42 44 45 50 52 54 58 61 77 79 -1
4 6 8 11 13 16 29 36 37 41 42 46 65 68 72 75 76 -1
5 8 19 24 38 40 48 52 53 57 58 66 71 -1
2 4 23 32 34 36 39 42 48 51 53 54 55 63 64 67 70 77 -1
6 19 25 30 33 34 38 40 42 47 48 50 58 65 69 74 76 -1
4 5 6 22 27 33 36 39 47 52 59 61 62 63 67 69 72 73 78 -1
1 2 6 8 11 25 28 29 35 45 46 48 49 62 63 68 73 78 -1
4 7 10 16 20 22 48 51 53 56 62 66 73 -1
4 8 12 33 39 41 48 49 53 59 71 75 79 80 -1
2 5 8 10 19 20 23 26 40 41 60 66 75 77 79 -1
3 18 21 38 41 42 44 46 47 49 50 60 77 -1
9 19 22 23 28 31 33 36 43 47 55 59 78 79 -1
5 7 14 15 18 25 27 28 30 44 46 48 50 58 59 65 68 69 70 77 -1
2 5 7 17 22 31 39 46 53 56 62 67 79 -1
5 9 10 12 16 23 28 34 38 51 55 60 66 71 74 76 77 -1
5 12 19 20 31 38 39 40 43 45 55 60 68 74 -1
7 8 10 27 30 34 36 42 50 59 62 67 75 -1
12 16 20 23 26 28 32 41 47 51 62 63 65 76 80 -1
3 5 21 33 42 45 46 47 48 58 63 69 71 73 75 76 77 78 -1
1 3 12 26 27 40 43 44 49 50 53 55 57 59 62 71 76 -1
1 2 3 4 5 6 7 8 11 14 15 18 19 20 26 28 31 32 34 37 38 42 50 56 63 65 -1
3 4 7 8 15 32 37 42 54 62 73 77 -1
4 11 14 16 18 20 21 28 37 43 50 51 54 59 63 64 70 71 -1
8 12 13 15 16 18 23 26 28 35 39 52 53 59 63 65 73 78 -1
7 8 13 14 26 27 34 37 42 45 69 77 -1
