96 40 14 18
12 21 22 23 25 27 29 35 -1
3 17 20 29 37 38 -1
6 10 25 29 36 38 -1
2 8 9 13 14 17 22 24 27 38 -1
3 12 18 32 34 39 -1
6 8 9 12 14 20 24 28 33 34 40 -1
2 6 14 16 17 18 20 24 28 29 31 33 -1
1 15 16 17 24 27 28 33 35 -1
8 10 12 15 19 22 23 27 28 -1
18 20 29 -1
1 5 10 14 17 23 26 27 34 38 -1
12 13 20 22 29 31 -1
2 3 6 12 13 14 27 30 32 35 -1
5 16 22 27 34 -1
17 19 22 23 25 26 27 31 34 -1
15 35 -1
7 13 19 23 29 30 36 37 -1
3 5 7 20 28 31 35 39 -1
3 7 17 20 23 24 28 29 34 36 -1
2 4 5 10 26 29 31 -1
5 9 14 15 17 29 36 -1
5 22 23 38 -1
6 11 36 39 -1
8 10 16 17 18 21 23 27 -1
5 18 26 27 -1
7 15 28 31 32 37 -1
2 3 8 12 28 33 34 -1
22 32 -1
12 15 22 33 34 -1
10 16 19 21 24 32 -1
6 7 17 18 27 38 -1
3 8 10 15 17 20 23 25 30 31 -1
6 10 13 15 25 34 39 -1
1 3 4 22 27 39 -1
7 8 16 24 26 39 -1
16 27 28 35 -1
15 19 32 38 39 -1
16 17 -1
1 5 16 29 30 35 37 40 -1
24 32 36 37 -1
1 6 7 18 19 21 26 28 30 32 34 -1
1 7 10 13 24 25 32 -1
6 10 11 19 20 28 33 37 38 40 -1
1 3 7 12 13 14 35 38 -1
8 9 24 32 33 36 -1
5 16 28 29 34 -1
2 6 15 18 25 28 31 32 38 -1
1 4 9 20 24 32 38 -1
5 13 33 37 -1
6 12 13 33 34 -1
5 6 10 20 29 31 35 -1
9 12 21 33 37 38 40 -1
9 20 24 26 31 33 -1
17 18 21 26 28 31 35 -1
3 9 14 15 19 21 28 39 -1
5 15 22 33 38 -1
1 15 19 28 32 35 36 40 -1
12 15 17 20 25 29 31 36 -1
1 10 12 27 28 29 38 -1
8 14 16 25 39 -1
5 8 9 13 15 16 27 -1
7 13 15 16 18 31 32 37 -1
12 24 27 -1
10 14 15 26 29 32 40 -1
4 6 13 20 25 26 27 -1
6 20 21 22 24 28 29 34 37 -1
10 12 20 35 37 -1
2 10 18 35 -1
7 11 14 17 19 23 29 32 35 40 -1
3 8 19 21 24 40 -1
4 32 39 40 -1
17 19 21 33 34 36 -1
4 9 12 13 16 28 33 36 37 -1
1 17 21 23 25 27 32 34 35 38 -1
2 9 15 16 25 26 29 31 33 38 -1
2 7 14 25 31 35 36 -1
9 11 17 21 23 24 30 35 -1
3 10 12 15 17 20 21 31 33 35 40 -1
4 5 7 9 17 22 29 32 38 -1
6 12 23 33 36 37 -1
5 8 9 10 13 25 33 35 -1
2 4 6 11 20 24 36 37 -1
1 8 13 18 24 28 29 31 32 35 -1
2 10 11 14 17 22 25 29 34 35 36 -1
4 10 17 18 24 26 28 35 36 -1
1 3 4 14 19 21 29 -1
5 6 7 19 20 26 31 -1
1 7 14 22 25 27 31 34 37 38 40 -1
2 5 17 19 -1
3 4 5 6 12 14 22 25 32 -1
1 4 5 6 8 16 18 26 31 33 34 -1
4 21 25 28 33 40 -1
8 9 10 11 20 21 37 -1
3 11 23 -1
2 4 6 7 18 28 -1
3 14 21 22 38 -1
