150 60 20 30
9 12 15 20 21 22 23 24 25 30 31 36 48 50 53 58 -1
2 20 21 22 23 24 25 26 33 38 42 47 50 -1
10 13 20 21 22 23 24 25 33 45 49 57 60 -1
2 9 16 20 21 22 23 24 25 29 30 35 44 46 47 50 51 -1
6 18 20 21 22 23 24 25 31 41 45 -1
8 20 21 22 23 24 25 39 45 48 56 -1
9 20 21 22 23 24 25 31 35 45 55 -1
20 21 22 23 24 25 49 52 -1
8 10 20 21 22 23 24 25 27 30 31 32 45 54 57 60 -1
7 11 12 17 20 21 22 23 24 25 26 27 44 -1
5 9 16 20 21 22 23 24 25 45 48 54 55 58 -1
10 15 20 21 22 23 24 25 31 33 34 37 42 44 59 -1
9 11 14 15 20 21 22 23 24 25 31 39 41 43 46 49 51 53 55 -1
2 5 13 18 20 21 22 23 24 25 32 34 39 44 46 48 52 -1
3 4 14 20 21 22 23 24 25 29 32 41 50 51 54 -1
5 6 14 20 21 22 23 24 25 43 45 49 54 56 59 -1
15 20 21 22 23 24 25 27 43 48 55 -1
5 7 12 15 16 17 20 21 22 23 24 25 33 41 42 51 57 60 -1
2 9 18 20 21 22 23 24 25 30 53 -1
13 15 16 18 20 21 22 23 24 25 27 40 41 52 -1
9 16 20 21 22 23 24 25 27 37 47 48 59 60 -1
1 7 10 18 20 21 22 23 24 25 30 33 34 42 45 49 50 -1
2 3 11 15 20 21 22 23 24 25 30 33 34 35 38 51 59 -1
3 8 13 18 19 20 21 22 23 24 25 27 28 44 49 54 -1
1 20 21 22 23 24 25 27 30 31 32 35 37 51 53 -1
4 5 8 15 18 20 21 22 23 24 25 30 38 50 -1
12 14 20 21 22 23 24 25 29 31 33 39 44 47 52 -1
7 20 21 22 23 24 25 42 60 -1
4 10 12 14 15 16 20 21 22 23 24 25 31 49 55 -1
5 10 14 20 21 22 23 24 25 49 55 57 60 -1
2 3 7 13 14 15 17 19 20 21 22 23 24 25 28 35 39 42 47 50 54 58 60 -1
7 20 21 22 23 24 25 26 30 59 -1
2 15 17 19 20 21 22 23 24 25 37 39 50 52 57 60 -1
9 12 20 21 22 23 24 25 35 44 50 54 56 -1
8 15 18 20 21 22 23 24 25 27 33 38 42 44 45 48 49 57 -1
1 3 8 14 22 24 25 27 29 35 39 48 -1
19 23 24 30 31 32 38 43 44 46 49 50 -1
3 10 15 20 25 27 36 60 -1
10 23 28 44 50 -1
1 8 23 26 35 39 40 41 47 53 -1
3 4 7 9 21 26 47 60 -1
4 5 7 9 10 13 15 16 23 28 32 43 45 48 50 -1
9 11 12 35 40 52 -1
17 27 28 39 47 55 60 -1
1 5 10 12 14 23 37 45 59 60 -1
4 8 10 12 18 19 38 42 50 54 59 -1
4 17 20 40 41 53 57 58 -1
1 2 4 7 17 20 25 28 37 43 51 52 58 59 -1
2 4 22 23 32 34 35 37 57 -1
2 12 14 22 23 27 31 54 58 59 60 -1
3 7 12 15 19 31 37 46 49 50 54 58 -1
1 5 12 14 15 20 21 22 25 27 33 43 53 -1
1 7 22 23 37 39 43 52 56 -1
3 4 7 10 33 40 44 45 46 57 -1
1 3 9 12 13 15 20 25 26 40 43 52 -1
2 15 16 34 35 48 -1
3 16 23 26 32 36 38 60 -1
9 17 27 36 37 40 42 47 48 51 -1
6 16 21 37 44 48 -1
2 7 13 14 22 28 32 38 45 50 51 -1
2 7 17 18 19 20 23 25 31 33 40 42 45 47 56 60 -1
9 15 28 42 45 50 52 59 60 -1
7 15 22 23 27 30 44 59 -1
16 32 33 41 51 56 59 60 -1
3 25 29 40 43 45 46 47 51 60 -1
2 9 12 20 23 25 27 29 33 42 43 45 57 -1
5 18 22 29 41 44 53 56 60 -1
5 10 15 21 39 42 48 50 -1
5 11 29 30 38 42 49 50 51 55 60 -1
4 13 14 17 21 25 32 40 41 42 43 44 45 53 -1
2 10 31 37 39 40 41 42 43 44 45 48 50 -1
4 23 29 34 39 40 41 42 43 44 45 -1
2 3 5 9 18 19 21 35 37 38 39 40 41 42 43 44 45 49 52 -1
1 4 5 11 24 27 30 32 40 41 42 43 44 45 47 49 59 60 -1
20 24 25 39 40 41 42 43 44 45 56 -1
7 20 22 39 40 41 42 43 44 45 -1
1 40 41 42 43 44 45 48 55 -1
1 11 17 18 20 25 35 37 40 41 42 43 44 45 46 50 -1
5 9 13 17 21 25 34 40 41 42 43 44 45 51 52 54 -1
2 7 19 23 24 25 32 36 40 41 42 43 44 45 -1
3 14 18 19 27 29 30 40 41 42 43 44 45 47 49 50 54 60 -1
17 22 31 36 40 41 42 43 44 45 50 51 52 56 57 -1
1 4 22 23 33 40 41 42 43 44 45 46 48 -1
9 18 19 24 25 26 37 38 40 41 42 43 44 45 48 50 52 59 -1
8 10 13 14 18 29 30 32 40 41 42 43 44 45 55 59 -1
2 5 11 13 22 25 32 34 36 37 40 41 42 43 44 45 49 54 60 -1
4 18 19 25 28 40 41 42 43 44 45 47 54 59 -1
4 7 12 13 15 17 27 40 41 42 43 44 45 49 51 55 60 -1
6 10 16 18 21 29 34 35 40 41 42 43 44 45 55 60 -1
1 3 9 10 15 24 29 32 40 41 42 43 44 45 49 55 60 -1
5 7 15 18 21 23 30 40 41 42 43 44 45 49 52 53 -1
9 19 22 23 40 41 42 43 44 45 46 49 52 58 -1
1 5 8 14 28 30 40 41 42 43 44 45 52 53 -1
6 10 16 22 25 34 36 40 41 42 43 44 45 56 -1
4 8 11 12 14 20 23 34 36 40 41 42 43 44 45 51 54 55 60 -1
9 12 14 19 21 26 34 40 41 42 43 44 45 49 -1
3 6 7 9 11 17 18 20 23 24 32 33 40 41 42 43 44 45 51 57 58 -1
10 14 15 23 40 41 42 43 44 45 46 50 58 -1
5 15 16 27 29 40 41 42 43 44 45 46 56 58 -1
15 24 32 35 36 40 41 42 43 44 45 -1
2 6 10 12 14 19 28 33 34 38 40 41 42 43 44 45 50 56 -1
4 7 19 27 29 40 41 42 43 44 45 46 60 -1
6 16 19 23 35 40 41 42 43 44 45 53 59 -1
11 23 29 34 37 38 40 41 42 43 44 45 -1
16 22 24 30 32 40 41 42 43 44 45 48 -1
6 22 24 25 29 34 40 46 -1
7 12 13 14 19 25 27 29 30 33 36 44 46 49 51 53 -1
2 7 10 13 30 34 37 41 42 53 56 -1
19 26 27 33 37 41 44 49 53 -1
9 19 38 39 41 43 49 50 -1
5 15 20 24 26 30 36 40 46 50 51 -1
1 32 39 41 42 55 59 60 -1
3 17 31 43 44 53 54 58 60 -1
2 7 20 26 30 55 -1
1 5 11 15 16 18 22 47 50 -1
3 5 12 16 29 49 -1
3 11 21 27 32 39 40 48 49 54 58 -1
2 11 13 18 22 30 32 35 36 42 59 -1
4 7 21 27 35 42 44 59 60 -1
9 14 16 18 22 23 27 34 36 39 53 55 56 -1
8 11 23 26 30 33 43 48 56 59 -1
6 11 15 33 35 43 46 50 53 56 57 -1
5 10 11 18 19 21 22 31 32 39 -1
3 5 13 17 21 23 29 30 33 44 45 47 52 58 -1
2 7 33 45 47 -1
23 31 44 51 -1
2 4 10 23 25 37 51 56 -1
1 5 12 16 21 36 42 -1
1 4 13 22 28 31 37 39 40 44 46 52 56 -1
3 19 22 23 24 27 29 35 37 41 43 52 54 55 -1
3 17 18 24 30 34 45 52 55 58 -1
7 10 19 25 28 32 43 45 49 51 55 -1
7 20 24 34 42 47 49 51 52 54 59 -1
2 25 29 33 39 45 59 60 -1
1 3 11 12 14 36 38 40 54 -1
8 9 13 23 32 40 41 44 51 59 -1
20 22 44 48 52 53 54 60 -1
2 4 10 20 27 38 41 46 56 -1
5 16 24 26 36 37 39 40 46 59 -1
10 30 37 42 52 57 59 -1
4 5 18 22 36 53 -1
6 12 17 30 37 39 40 47 51 -1
14 23 28 35 46 -1
1 10 14 30 32 37 45 52 -1
2 16 17 19 33 35 38 40 43 51 54 -1
2 9 11 24 25 30 42 43 47 59 -1
10 17 26 43 50 54 -1
5 9 13 17 18 19 21 22 23 25 33 42 45 55 -1
6 15 23 26 33 41 49 50 -1
10 13 19 25 33 34 37 40 42 49 53 54 58 -1
